{
 "cells": [
  {
   "cell_type": "code",
   "execution_count": 30,
   "metadata": {},
   "outputs": [],
   "source": [
    "using DifferentialEquations\n",
    "using ModelingToolkit\n",
    "using LinearAlgebra\n",
    "using Plots\n",
    "using Colors\n",
    "using Images\n",
    "using Statistics\n",
    "using Sundials\n",
    "using Random\n",
    "using JLD2"
   ]
  },
  {
   "cell_type": "markdown",
   "metadata": {},
   "source": [
    "Using 4 species instead of 2 and an explicit time delay allows for using faster solver and does not require nearly as much memory to run.\n",
    "\n",
    "Added diffusion for pak that is a 2X faster than rhoT to prevent chasing, where rhoT creates waves, and because makes sense for a more peripheral protein.\n",
    "\n",
    "Oscillation and equalization observed.\n",
    "\n",
    "With same concentration of total Rho as simpilist with scaling model, this produces more polarity patches (as parameterized).\n",
    "Reducing concentration reduces patch number."
   ]
  },
  {
   "cell_type": "code",
   "execution_count": 186,
   "metadata": {},
   "outputs": [
    {
     "data": {
      "text/plain": [
       "setup (generic function with 1 method)"
      ]
     },
     "metadata": {},
     "output_type": "display_data"
    }
   ],
   "source": [
    "function setup(r)\n",
    "    # Generate constants\n",
    "    N = 100\n",
    "    SA = 4*pi*r^2\n",
    "    V = (4/3)*pi*r^3\n",
    "    mem_thickness = 0.01\n",
    "    n = (mem_thickness * SA) / V\n",
    "\n",
    "    Ax = Array(Tridiagonal([1.0 for i in 1:N-1],[-2.0 for i in 1:N],[1.0 for i in 1:N-1]))\n",
    "    Ax[1,end] = 1.0\n",
    "    Ax[end,1] = 1.0\n",
    "    dx = (r*sqrt(pi))/N\n",
    "    Ax = Ax/(dx^2) # adjust for 1/microns\n",
    "    Ay = copy(Ax)\n",
    "\n",
    "    r0 = zeros(100,100,4)\n",
    "    r0[:,:,1] .= 0   # Cdc42-GTPm\n",
    "    r0[50,50,1] = 500\n",
    "    r0[:,:,2] .= 0.5 - mean(r0[:,:,1])*n   # Cdc42-GDPm should be 0.5\n",
    "    r0[:,:,3] .= 1\n",
    "    r0[:,:,4] .= 10 .*(rand.())\n",
    "    \n",
    "    # Dummy parameters used only locally in fxn but passed to specify scope, or something..\n",
    "    Ayt = zeros(N,N)\n",
    "    tAx = zeros(N,N)\n",
    "    D42t = zeros(N,N)\n",
    "    D42d = zeros(N,N)\n",
    "    Dpak = zeros(N,N)\n",
    "    Dgef = zeros(N,N)\n",
    "    R = zeros(N,N)\n",
    "    dummy = (Ayt, tAx, D42t, D42d, Dpak, Dgef, R)\n",
    "    # Actual parameters\n",
    "    a = 1\n",
    "    b = .1\n",
    "    c = 1\n",
    "    d = .05\n",
    "    e = .02\n",
    "    f = .2\n",
    "    g = .1\n",
    "    # a = 1\n",
    "    # b = .1\n",
    "    # c = 1\n",
    "    # d = .05\n",
    "    # e = .07\n",
    "    # f = .2\n",
    "    # g = .1\n",
    "    # d = .03 #.05\n",
    "    # e = .04 #.07\n",
    "    # f = .05 #.2\n",
    "    # g = .02 # .1\n",
    "    Dm = 0.01\n",
    "    Dc = 10\n",
    "    Dm2 = 0.1\n",
    "    n = n\n",
    "\n",
    "    p = (a, b, c, d, e, f, g, Dm, Dc, Dm2, n, Ax, Ay, dummy)\n",
    "    return p, r0\n",
    "end"
   ]
  },
  {
   "cell_type": "code",
   "execution_count": 187,
   "metadata": {},
   "outputs": [
    {
     "data": {
      "text/plain": [
       "simple! (generic function with 1 method)"
      ]
     },
     "metadata": {},
     "output_type": "display_data"
    }
   ],
   "source": [
    "function simple!(dr,r,p,t)\n",
    "    a, b, c, d, e, f, g, Dm, Dc, Dm2, n, Ax, Ay, dummy = p\n",
    "    Ayt, tAx, D42t, D42d, Dpak, Dgef, R = dummy\n",
    "    # Window variables\n",
    "    rhoT = @view r[:,:,1]\n",
    "    rhoD = @view r[:,:,2]\n",
    "    pak = @view r[:,:,3]\n",
    "    gef = @view r[:,:,4]\n",
    "    # Calculate diffusion\n",
    "    mul!(Ayt,Ay,rhoT)\n",
    "    mul!(tAx,rhoT,Ax)\n",
    "    @. D42t = Dm*(Ayt + tAx)\n",
    "    mul!(Ayt,Ay,rhoD)\n",
    "    mul!(tAx,rhoD,Ax)\n",
    "    @. D42d = Dc*(Ayt + tAx)\n",
    "    mul!(Ayt,Ay,pak)\n",
    "    mul!(tAx,pak,Ax)\n",
    "    @. Dpak = Dm2*(Ayt + tAx)\n",
    "    mul!(Ayt,Ay,gef)\n",
    "    mul!(tAx,gef,Ax)\n",
    "    @. Dgef = Dm*(Ayt + tAx)\n",
    "    # Calculate reactions, add diffusion\n",
    "    @. R = (a*gef^2*rhoD) - b*rhoT\n",
    "    @. dr[:,:,1] = R + D42t\n",
    "    @. dr[:,:,2] = -R*n + D42d\n",
    "    @. dr[:,:,3] = d*rhoT - e*pak + Dpak\n",
    "    @. dr[:,:,4] = f*rhoT - g*pak*gef + Dgef # Small constant recruitment avoids an absolute zero steady-state\n",
    "end\n"
   ]
  },
  {
   "cell_type": "code",
   "execution_count": 188,
   "metadata": {},
   "outputs": [
    {
     "data": {
      "text/plain": [
       "run (generic function with 1 method)"
      ]
     },
     "metadata": {},
     "output_type": "display_data"
    }
   ],
   "source": [
    "function run(radius)\n",
    "    p, r0 = setup(radius)\n",
    "    min_prob = ODEProblem(simple!,r0,(0.0,300),p)\n",
    "    sol_simp = solve(min_prob,CVODE_BDF(linear_solver = :GMRES),saveat=1)\n",
    "    return sol_simp\n",
    "end"
   ]
  },
  {
   "cell_type": "code",
   "execution_count": 189,
   "metadata": {},
   "outputs": [
    {
     "data": {
      "text/plain": [
       "retcode: Success\n",
       "Interpolation: 1st order linear\n",
       "t: 301-element Vector{Float64}:\n",
       "   0.0\n",
       "   1.0\n",
       "   2.0\n",
       "   3.0\n",
       "   4.0\n",
       "   5.0\n",
       "   6.0\n",
       "   7.0\n",
       "   8.0\n",
       "   9.0\n",
       "   ⋮\n",
       " 292.0\n",
       " 293.0\n",
       " 294.0\n",
       " 295.0\n",
       " 296.0\n",
       " 297.0\n",
       " 298.0\n",
       " 299.0\n",
       " 300.0\n",
       "u: 301-element Vector{Array{Float64, 3}}:\n",
       " [0.0 0.0 … 0.0 0.0; 0.0 0.0 … 0.0 0.0; … ; 0.0 0.0 … 0.0 0.0; 0.0 0.0 … 0.0 0.0;;; 0.4995 0.4995 … 0.4995 0.4995; 0.4995 0.4995 … 0.4995 0.4995; … ; 0.4995 0.4995 … 0.4995 0.4995; 0.4995 0.4995 … 0.4995 0.4995;;; 1.0 1.0 … 1.0 1.0; 1.0 1.0 … 1.0 1.0; … ; 1.0 1.0 … 1.0 1.0; 1.0 1.0 … 1.0 1.0;;; 0.7336635446929285 1.670529092877866 … 4.498294423109524 4.346647867723758; 3.4924148955718612 7.197206925405183 … 8.084217249744095 9.244406861511123; … ; 8.338534481533054 3.6131523841038513 … 3.295155127929638 5.904229678435289; 9.817043479487307 3.618757071379193 … 3.1065190965909384 2.26016435978588]\n",
       " [11.800876349824225 11.57552614123636 … 11.857689023644381 11.87310697091876; 12.078831384969435 11.816565154086472 … 12.261920588218373 12.255967439253794; … ; 11.580754296464926 11.539334549059394 … 11.081936102760992 11.34223062401761; 11.630685481267532 11.47910212602426 … 11.424631345631251 11.56564412935623;;; 0.3874110031013603 0.38737493908218923 … 0.3874372463019267 0.3874282801430101; 0.38745029185300545 0.3874139264838405 … 0.387476299429451 0.38746650075865985; … ; 0.3873399762441346 0.38730276758110627 … 0.3873759278162479 0.3873659653985648; 0.3873722558251858 0.3873357598487811 … 0.38740235178843263 0.3873927942300149;;; 1.2354496333573834 1.2342089534169567 … 1.2360663077988785 1.2360184400363128; 1.236874989327477 1.2353247808830037 … 1.2381786263410057 1.2378072188385223; … ; 1.2345249074887672 1.2344378891110943 … 1.232253224439439 1.2336831764883076; 1.2345493845928601 1.233829146354457 … 1.2339153134028387 1.2344894644553035;;; 5.633002523725984 5.55151695635048 … 5.607285507820466 5.625025562420221; 5.7017753580155555 5.619462957701301 … 5.6908241202932235 5.706150294193632; … ; 5.579032221571352 5.610338307683793 … 5.459471413386124 5.549844883433531; 5.544111660269753 5.542940202275646 … 5.531239968022671 5.581430672071554]\n",
       " [22.860489687159298 22.360679040559532 … 22.181292154824764 22.778216951345385; 23.290256329185226 22.74269623908844 … 22.671409005970055 23.31100157080078; … ; 23.09214065256737 22.68817012752376 … 22.625631146018133 23.041639701565764; 22.921775713375116 22.446436806677642 … 22.247621181619202 22.826479173007975;;; 0.2825592543189653 0.28255675877687114 … 0.2825743222108707 0.28256758889975697; 0.2825517067237023 0.2825494206979416 … 0.28256566213458195 0.2825597936329174; … ; 0.2825753441696116 0.28257076560138433 … 0.2825908770136019 0.2825813802158912; 0.28256684479139316 0.2825636457804424 … 0.2825816817246558 0.2825736857518413;;; 1.6519450414960168 1.649737588796088 … 1.651244243525688 1.6523819899732937; 1.6540944192634293 1.651285808863945 … 1.6545511990591315 1.6551582104120675; … ; 1.6511617749287884 1.6505681344752126 … 1.6470566342458441 1.649937611778109; 1.6509911612428128 1.6495082335114792 … 1.6487334268257074 1.6506646513938321;;; 6.730384216013784 6.619460430817261 … 6.517702361577984 6.679277578888108; 6.809194105961068 6.71475375999305 … 6.56083566027111 6.741254195355252; … ; 6.913980928644678 6.850574812509651 … 6.916365303966005 7.003112151002548; 6.763784485366811 6.696671938642834 … 6.6807828480476 6.817195672101836]\n",
       " [36.19844880668221 35.97452328174739 … 36.46834106121277 36.401769982693445; 36.39946356413861 36.125069465585945 … 36.77405997766045 36.62331542008972; … ; 36.15986573467877 36.14495378228172 … 35.9621533847421 36.157188461431886; 36.11567512748075 35.97149657782577 … 36.177062414678026 36.20169631930084;;; 0.16094318905519125 0.16093999189028577 … 0.1609536851180303 0.1609473029737426; 0.16092306343501442 0.16092091420256407 … 0.1609317299599185 0.16092644533529035; … ; 0.1609898541102581 0.16098383712953687 … 0.16100742754195782 0.16099777667810325; 0.16096557448341423 0.16096108015802524 … 0.16097922206237072 0.16097150266612478;;; 2.9654916395422704 2.9661983546575734 … 2.959109326535677 2.9631435850704477; 2.9665404468086423 2.966570136277151 … 2.961642678061436 2.9648994062190672; … ; 2.9622796344006073 2.9651878940307053 … 2.9508676671972056 2.957492658099749; 2.964008569236376 2.9656852496656745 … 2.9553886784455012 2.9605742733754754;;; 10.58486474765659 10.572123088258216 … 10.660747517319157 10.651960990927128; 10.637591782265622 10.602939492769993 … 10.749811605473761 10.705477393103465; … ; 10.60658349199605 10.560403677972296 … 10.566511102498207 10.583529323545791; 10.618946308959591 10.555375085592262 … 10.585675476704273 10.601195923221633]\n",
       " [47.70692670498009 47.459591323287235 … 47.809081989135045 47.82538742654272; 47.816182748059944 47.523080281958904 … 48.03978946004893 47.991239037298705; … ; 47.59350904348828 47.50767661116978 … 47.287176415675724 47.51576500847566; 47.62486517680204 47.44858825784636 … 47.545299157328664 47.6568476250476;;; 0.05599744815806394 0.05599609419419579 … 0.056009603197217664 0.056002606532471105; 0.05599508392129981 0.05599400892293363 … 0.056006859957233555 0.05599988771404095; … ; 0.05601102762499478 0.05600728919584166 … 0.05602544712874669 0.05601728044300565; 0.05600297096252839 0.056000824274579544 … 0.05601651802383517 0.056008793743665256;;; 4.872876194157497 4.878026515941847 … 4.856392238745686 4.865666398720394; 4.873747248421436 4.8780835038829276 … 4.859053990804635 4.867431102378068; … ; 4.866585692298282 4.874421052308547 … 4.844485376350213 4.856565608234013; 4.870443188607769 4.876798688420669 … 4.851447606253659 4.861964272767377;;; 14.273086938137906 14.213396699224507 … 14.306480462609015 14.303765352321001; 14.297179602718778 14.227613933675892 … 14.358249798391583 14.341185995807553; … ; 14.251242855752961 14.22596926342689 … 14.19524323531028 14.239285921565306; 14.254910920601034 14.211150647594708 … 14.249964789876577 14.268414604276602]\n",
       " [50.727931540043166 50.57007985802483 … 50.68042087916858 50.76605080932473; 50.77379852770834 50.58762962066523 … 50.80695248986722 50.84924780977668; … ; 50.58817714246924 50.54584314788267 … 50.259840980963595 50.49156249696081; 50.661284346055375 50.55290608242871 … 50.490662061992836 50.64063840001986;;; 0.02590091923266778 0.025899842857099065 … 0.025905203344098918 0.02590271798722471; 0.02589955320181695 0.02589853040437955 … 0.02590383446517519 0.02590133654021589; … ; 0.025905068430654165 0.02590389010217292 … 0.025909389126080727 0.025907047946102144; 0.025902761343976916 0.02590151578573082 … 0.02590699464713182 0.025904617344260018;;; 7.095233137299888 7.106196093950855 … 7.068241965491555 7.082564856777489; 7.096439991725633 7.106432309361698 … 7.071287781491116 7.084717626905825; … ; 7.085791520786626 7.099535262168284 … 7.0535196122777535 7.0704035609667555; 7.091676395450289 7.103907787002276 … 7.062278285118349 7.077768069490845;;; 15.250021532385736 15.200077028626415 … 15.26623190719568 15.27244721695046; 15.260596903635069 15.204673180109607 … 15.294865348864853 15.291267719091325; … ; 15.224604484589124 15.20024779615894 … 15.176696448864698 15.216527436732395; 15.23686293286535 15.197796926786525 … 15.225077914832347 15.246045913481412]\n",
       " [50.44515908302641 50.37643150375864 … 50.287291450370724 50.41651041410544; 50.45939780000143 50.37147007437721 … 50.35438437913013 50.45528412790962; … ; 50.30515340819517 50.319179398970356 … 49.957318623881186 50.1842014727594; 50.39106104905994 50.35713513588693 … 50.15078763206125 50.322692276849686;;; 0.02507558824293758 0.025072982815797857 … 0.025079031539295454 0.02507783443032792; 0.025074165009138342 0.025071601857700854 … 0.02507770446884729 0.02507643278976613; … ; 0.02507648972711209 0.025074066523796547 … 0.025079332761130748 0.025078388738960115; 0.02507629580172919 0.02507376543456674 … 0.025079543512901828 0.025078403168723663;;; 9.328892450884899 9.344274702753655 … 9.294851566102171 9.312360779664235; 9.33104790329474 9.345388417079413 … 9.298809796459672 9.31547826823899; … ; 9.316408845528896 9.334429647248687 … 9.277718414654265 9.297440703261719; 9.324033524127827 9.340655791336195 … 9.287814492764992 9.306356422397032;;; 13.523583040464565 13.490401378687285 … 13.525553761080296 13.535627642199266; 13.525125410586678 13.488680199029613 … 13.537354688985712 13.541787935284965; … ; 13.503963734318184 13.486942807246145 … 13.46691288120374 13.497318810922412; 13.515890485628317 13.48935514929484 … 13.501128566314414 13.52000393494767]\n",
       " [49.24606446230135 49.245135919038745 … 49.01848133072525 49.17112498208125; 49.244884821785405 49.228874937088314 … 49.05421808409072 49.18755475778106; … ; 49.1193864359402 49.18125943862039 … 48.75798060529826 48.978104954408586; 49.202739043414795 49.228230938631754 … 48.91740225197297 49.09937647040081;;; 0.032632560591007824 0.032635746425962134 … 0.03263038677598202 0.03263077269106599; 0.032635601406644725 0.03263881776808784 … 0.032633228072637806 0.03263372990747555; … ; 0.032628411190059534 0.032631478582598746 … 0.03262664002597246 0.032626807004763995; 0.03263009620338287 0.032633280777480046 … 0.03262813320945449 0.032628393425661276;;; 11.496480951769843 11.514292988983804 … 11.45913830409413 11.478039630776887; 11.499954442905286 11.516709675079577 … 11.464329954339266 11.482440091807163; … ; 11.481095044656534 11.501346429539412 … 11.439660555813607 11.460462154841384; 11.490228596899174 11.509219624010647 … 11.450928420820924 11.470734064270088;;; 10.811024539733438 10.793708977322824 … 10.802137886242996 10.814034314342189; 10.808127105026502 10.788864717884174 … 10.804864222242172 10.81371009703829; … ; 10.799398321350136 10.7920997814227 … 10.76790516176794 10.79139006177888; 10.807790620330636 10.794541049786563 … 10.789351187091604 10.806195333311214]\n",
       " [47.56971297655907 47.618184877557084 … 47.30113253678517 47.46421273927429; 47.559779336533936 47.59517222844657 … 47.31878588663617 47.46799054403031; … ; 47.46338053997677 47.561504483412016 … 47.09717220952739 47.30829675599005; 47.53682841076585 47.6064870345394 … 47.22600909082344 47.40996815341424;;; 0.044815849268275934 0.04482621309820144 … 0.044812730906714365 0.0448112917975894; 0.04481360175535335 0.04482362431769843 … 0.04481109104318093 0.044809512909217156; … ; 0.04483245082391828 0.04484304693818356 … 0.044828975718156916 0.0448277688130908; 0.0448223890437136 0.04483286949748535 … 0.044819117403221344 0.04481786364752715;;; 13.574359255546971 13.593055293599052 … 13.536316016549641 13.555404083477594; 13.57915287597682 13.596902884818583 … 13.542709850088066 13.561029428528082; … ; 13.556472138137044 13.577406122104088 … 13.51480219533509 13.535547254299681; 13.56684550692502 13.586598785529912 … 13.527042301020549 13.54695251424853;;; 8.396189840766056 8.390966648970956 … 8.37898420567001 8.392284678535507; 8.391613443354291 8.384983436592908 … 8.377763482916697 8.389318875051666; … ; 8.39043900001408 8.391769072524456 … 8.35971451690984 8.379769128046078; 8.395648769435596 8.393116101400985 … 8.37275059604065 8.38891651502145]\n",
       " [45.580788140643065 45.663676973774855 … 45.291601983736655 45.456616240384356; 45.56547073065954 45.63643681481346 … 45.298303524540174 45.45270726782702; … ; 45.496843363739536 45.62017081826761 … 45.13385553313149 45.334272491620304; 45.55764138251064 45.65816645833164 … 45.23619572224462 45.41669839003557;;; 0.06161174252382813 0.06161142670744058 … 0.061612546655117166 0.06161201643261474; 0.06161120730269482 0.06161149478203753 … 0.06161207692256892 0.06161175670749962; … ; 0.06160982755200352 0.06160964577191962 … 0.06161125974812456 0.06161056133954977; 0.06161118743869215 0.06161110313880709 … 0.06161237744633267 0.0616119224899939;;; 15.541532693732947 15.560033970402998 … 15.504674398779553 15.523134992517589; 15.547341020837763 15.564795096845554 … 15.512015764941086 15.52989130346924; … ; 15.521825809095166 15.542344034526895 … 15.481514518141744 15.501536303879929; 15.533118127657335 15.552744682958785 … 15.494518514541364 15.513643221271911;;; 6.674121174541282 6.676575726376678 … 6.651952946999472 6.665933500510439; 6.6693009510292685 6.67058234532373 … 6.649445636186862 6.662288122871529; … ; 6.67167313929879 6.678773360140671 … 6.640724848949553 6.658967630236106; 6.67485501321637 6.679270460563486 … 6.648952376947372 6.664749736188795]\n",
       " ⋮\n",
       " [3.301486735684176e-11 8.222701806059212e-12 … 3.521553215393159e-11 1.1912424889522906e-11; 6.066611561310435e-12 -7.538145148061669e-11 … 1.6478163065261208e-12 7.852218115211637e-11; … ; 2.8198813419927802e-11 9.881880972693473e-12 … 3.5851533372473294e-11 1.5950405477203977e-11; 1.6035338252278526e-11 7.312241342156371e-11 … 9.491526658226428e-12 -1.2831368743798653e-10;;; 0.4999933809539913 0.4999934499397211 … 0.49999598590084826 0.49999331572534517; 0.4999953416324418 0.4999974988759989 … 0.4999943444533018 0.4999940045712049; … ; 0.5000062246580474 0.50000701126058 … 0.5000075164598877 0.5000072579813495; 0.5000008349903295 0.4999984083035837 … 0.5000037839577822 0.5000021174187438;;; 0.1642217316875395 0.16434181626800579 … 0.16423809998833952 0.16380802186332435; 0.16432645641946475 0.16378974417652173 … 0.1643503134315008 0.1645441558054449; … ; 0.164220430324367 0.16435543624231008 … 0.1642242929597292 0.1637866227193794; 0.1638009049600349 0.1645290105880544 … 0.16378899075446607 0.16305442724253552;;; 1.7253937018703933e-8 7.855604496696318e-8 … 2.5004667129800243e-8 -6.688489731018798e-8; 6.037599697921573e-8 -8.079136570353298e-7 … 5.0616137593643884e-8 8.850063097278917e-7; … ; 2.380042062605711e-8 3.619261367963549e-8 … 1.8322055618676343e-8 -3.516510416617376e-8; -5.875103007973817e-8 8.823921542183578e-7 … -4.684790780003767e-8 -9.240965827952787e-7]\n",
       " [5.405847552020433e-11 8.179237288944105e-12 … 5.768398117952972e-11 1.464984876762853e-11; 4.245123734533793e-12 -1.448564572501677e-10 … -3.57868385895862e-12 1.368370720853852e-10; … ; 4.533869502302238e-11 1.1134161731476653e-11 … 5.90565918897622e-11 2.1834558178034456e-11; 2.195866841889521e-11 1.2721196258511127e-10 … 1.0273924395132196e-11 -2.422618293850815e-10;;; 0.5000121700062977 0.5000137043460056 … 0.5000129657701844 0.5000125849346353; 0.5000082195848875 0.5000121900236713 … 0.5000114299495816 0.5000085832637513; … ; 0.5000013224467764 0.5000017283019293 … 0.4999999991144942 0.49999937476825407; 0.5000100412179359 0.5000087254855663 … 0.5000086297882663 0.5000074559645543;;; 0.16091263933155558 0.16110428729346662 … 0.1609309665275623 0.16036726614247093; 0.16108734292177126 0.1603171522660719 … 0.16112479471002944 0.16135921990350757; … ; 0.16091360268907426 0.16112076534155653 … 0.16091516646836884 0.16033445938706298; 0.1603533756176819 0.16134612093403702 … 0.16034090926607072 0.15929908789867445;;; 3.267454509704446e-8 1.4504031211314253e-7 … 4.696810361353269e-8 -1.2241175153179608e-7; 1.117642329268589e-7 -1.4885223879542593e-6 … 9.344511911491105e-8 1.6319378472324355e-6; … ; 4.4713740336183786e-8 6.704845891953377e-8 … 3.4625024767691545e-8 -6.39715226557603e-8; -1.0758823351417126e-7 1.6270299498836844e-6 … -8.536090537126617e-8 -1.704424310634792e-6]\n",
       " [7.435085268005078e-11 8.065762473052129e-12 … 7.921251005450326e-11 1.7159445156328455e-11; 2.436705421456803e-12 -2.1150870114734172e-10 … -8.541943496373273e-12 1.926596242237383e-10; … ; 6.193080458112743e-11 1.2238664526516345e-11 … 8.1367263864966e-11 2.7290489672388816e-11; 2.7432015318462228e-11 1.7907059140225834e-10 … 1.0939015297893292e-11 -3.5159483714797495e-10;;; 0.5000140467236242 0.5000142857075947 … 0.5000141267679538 0.500014555575667; 0.5000078455118571 0.5000091415434798 … 0.5000126819648881 0.5000098761422584; … ; 0.5000036769757574 0.5000043407864925 … 0.5000011637453653 0.49999997629563026; 0.500012133642828 0.5000124932673911 … 0.5000077147124022 0.5000084810199809;;; 0.15757733580569477 0.1578193107552484 … 0.15759549159200759 0.1569643037335444; 0.15780282256471306 0.15688848087323648 … 0.15784948031137552 0.158097223219288; … ; 0.15758041730034664 0.1578367954409999 … 0.15757952600566713 0.156923902109948; 0.15694517572911265 0.1580877128125262 … 0.15693357073280498 0.1557068432081297;;; 4.762939272029151e-8 2.0899270836744016e-7 … 6.822449007236913e-8 -1.757400218512589e-7; 1.612460681980171e-7 -2.1437382687390873e-6 … 1.3459973992146192e-7 2.3511215880688525e-6; … ; 6.49492529557292e-8 9.672623139066537e-8 … 5.0422960312007393e-8 -9.158261928066515e-8; -1.5451987803462397e-7 2.343982682541682e-6 … -1.2227843438759713e-7 -2.456148612627356e-6]\n",
       " [9.410524914224696e-11 7.903608066245829e-12 … 1.0007292256622668e-10 1.9508929904473617e-11; 6.383240389429176e-13 -2.7615506760145567e-10 … -1.3320800154142947e-11 2.4671260842972723e-10; … ; 7.812815274608815e-11 1.3240065926336731e-11 … 1.0303991232103093e-10 3.244606881025747e-11; 3.2590211496275474e-11 2.2934269311648097e-10 … 1.1521542500570837e-11 -4.5764892158881167e-10;;; 0.5000033703799386 0.5000008587205564 … 0.5000046696799806 0.5000039445556952; 0.4999982097961077 0.4999953560865974 … 0.5000024290123357 0.500001037651493; … ; 0.5000124980532842 0.5000138007907693 … 0.5000104457685043 0.5000086369445789; 0.5000099030359278 0.5000106991954556 … 0.5000054175052583 0.5000077779041834;;; 0.1542286612039238 0.154506260178556 … 0.1542458952596711 0.15358140592610683; 0.15449092964714312 0.1534860607050682 … 0.1545438318076984 0.15479298952677392; … ; 0.15423348277380217 0.15452395466944904 … 0.15423044938275027 0.15353591528334593; 0.15355833871819133 0.15478710370779233 … 0.15354796916219088 0.1522085129141175;;; 6.225125139620567e-8 2.7114221662853346e-7 … 8.897593056055911e-8 -2.275050976508868e-7; 2.0936957948372544e-7 -2.780863550599138e-6 … 1.7456266614151001e-7 3.0505349147717847e-6; … ; 8.470082478481404e-8 1.2556511174798624e-7 … 6.586009548955554e-8 -1.1834512805185571e-7; -2.00096445275e-7 3.041210004754604e-6 … -1.5806289048256216e-7 -3.1874848360674272e-6]\n",
       " [1.1310384826541713e-10 7.6741794342991e-12 … 1.199985321745553e-10 2.1635813915740875e-11; -1.145439780717102e-12 -3.37995357127004e-10 … -1.7843741687690976e-11 2.9829133670182967e-10; … ; 9.37690073453065e-11 1.4098707421215706e-11 … 1.2381810989584723e-10 3.718452804923162e-11; 3.7311098722745634e-11 2.7739449753139744e-10 … 1.198919039190952e-11 -5.591164967308126e-10;;; 0.5000048796970017 0.5000026769877098 … 0.5000057355475657 0.5000054926410548; 0.49999952786052143 0.49999725170191994 … 0.5000037845528923 0.5000020149239469; … ; 0.5000095239132314 0.5000104704974176 … 0.5000060116847959 0.5000049631103886; 0.5000090379592144 0.5000102131013396 … 0.5000038978117388 0.5000063307611028;;; 0.15086417275791722 0.15115807329358172 … 0.15087974716167424 0.15022273565451152; 0.1511445732414042 0.15011659904428504 … 0.151199872843481 0.15143721058583842; … ; 0.15087015036175555 0.15117509159844436 … 0.1508655239928885 0.15017538976187556; 0.15019751332126005 0.15143464735570936 … 0.15018866807651815 0.14882661269840494;;; 7.640569286116118e-8 3.307667453924285e-7 … 1.0901901515688178e-7 -2.7708271519611745e-7; 2.5559009102465193e-7 -3.3926456162724166e-6 … 2.1285705697571274e-7 3.7222501486551448e-6; … ; 1.0377360121852122e-7 1.532290982264196e-7 … 8.07909824699966e-8 -1.4392116102245967e-7; -2.437766034199489e-7 3.7108025240835737e-6 … -1.9226279703771963e-7 -3.8902513695959825e-6]\n",
       " [1.3148531079406368e-10 7.389386736296884e-12 … 1.3915935977789963e-10 2.358003024275265e-11; -2.9174682214760073e-12 -3.9753975279108624e-10 … -2.2156498292039374e-11 3.478451792789277e-10; … ; 1.0895620165886523e-10 1.4839971789360626e-11 … 1.4386522062841257e-10 4.158051746270183e-11; 4.167279806092553e-11 3.2363002024123005e-10 … 1.2362603687703082e-11 -6.56831270940785e-10;;; 0.5000047772376611 0.5000034028669633 … 0.5000055305562798 0.5000054019843998; 0.500000498642544 0.5000000236673203 … 0.5000038516825673 0.5000016831746011; … ; 0.5000050137930977 0.5000053850083817 … 0.5000001170606263 0.5000003894816246; 0.5000064038042801 0.5000072584892932 … 0.5000019587241885 0.5000036232578913;;; 0.14748561989257583 0.1477795275112359 … 0.14749880951643662 0.14688538368165416; 0.14776852854499287 0.14677556952275927 … 0.14782296279421256 0.14803632180453555; … ; 0.147492297152596 0.14779505567120962 … 0.1474864837577048 0.14683893416489519; 0.14685947843594913 0.1480369712784823 … 0.1468524851355896 0.1455457945746564;;; 9.017831895422922e-8 3.883264878534435e-7 … 1.284833008744819e-7 -3.2487084222553063e-7; 3.0025468553263084e-7 -3.983706139902182e-6 … 2.497868360451616e-7 4.371319034840733e-6; … ; 1.2229169633001346e-7 1.799323261299692e-7 … 9.530825382739977e-8 -1.6852618765894714e-7; -2.859054392241599e-7 4.357800349005165e-6 … -2.251660376063109e-7 -4.569661358183578e-6]\n",
       " [1.488793876553529e-10 7.019731969628667e-12 … 1.57109325923353e-10 2.5239812669286978e-11; -4.669001199833527e-12 -4.5345102618979895e-10 … -2.614348722328947e-11 3.9419847733659433e-10; … ; 1.234112119602132e-10 1.5400392659402393e-11 … 1.6274895548179624e-10 4.5444756018732415e-11; 4.547800066924206e-11 3.669880993355955e-10 … 1.2588986668157313e-11 -7.48608846509346e-10;;; 0.5000020436995356 0.5000012033888069 … 0.5000023618196208 0.5000025026566264; 0.4999994856476948 0.5000002136439251 … 0.5000015166103317 0.4999997057705744; … ; 0.5000007314271911 0.5000008575737894 … 0.4999954744488451 0.4999965728336461; 0.5000022980752173 0.5000028630559196 … 0.4999986748675321 0.49999985865232366;;; 0.1440922241067107 0.1443656551848451 … 0.14410246727880943 0.14357166750856937; 0.14435763369967966 0.1434677736364274 … 0.14440721831160264 0.14458477264769748; … ; 0.1440989251275098 0.14437888447052538 … 0.14409261101193782 0.1435294509735174; 0.1435470326835084 0.14458801556729525 … 0.14354202954140646 0.14238079974413728;;; 1.0334124865730688e-7 4.4260889164665933e-7 … 1.4702485560713393e-7 -3.6982471172425494e-7; 3.4244746935878704e-7 -4.54185258839456e-6 … 2.8455218721345324e-7 4.984411071500506e-6; … ; 1.3992582469434316e-7 2.0511055876988924e-7 … 1.0916575597029106e-7 -1.915966508321883e-7; -3.255766096398128e-7 4.968904203953305e-6 … -2.5601901232713604e-7 -5.211945006040539e-6]\n",
       " [1.6515209571391456e-10 6.554540604182411e-12 … 1.7368700650992517e-10 2.657833475140482e-11; -6.3968686782673905e-12 -5.052452704955305e-10 … -2.9762882209457064e-11 4.369257917124384e-10; … ; 1.370332480383913e-10 1.575700326639674e-11 … 1.8031288073393415e-10 4.870874802621804e-11; 4.8655305809192595e-11 4.0708472899160147e-10 … 1.2649233988813085e-11 -8.336587489276504e-10;;; 0.49999631022463503 0.4999954152511017 … 0.4999956167277049 0.49999637129200325; 0.4999958966728392 0.49999657015233984 … 0.4999963762853065 0.4999959608935228; … ; 0.4999973150633021 0.4999977252963585 … 0.4999930654490354 0.49999411270868965; 0.4999968284307184 0.49999739869685106 … 0.49999371137353354 0.49999511049789647;;; 0.1406837036817764 0.1409146586573034 … 0.14069049788057178 0.14028242577626296; 0.1409100207684442 0.14019494891693285 … 0.14095051037087236 0.1410805545266218; … ; 0.1406896731304545 0.14092478223168384 … 0.14068364605192074 0.14024799051723214; 0.1402611888093498 0.14108558730488577 … 0.14025824549367266 0.13933696264927992;;; 1.1581201798726216e-7 4.931751668342404e-7 … 1.6451921961860168e-7 -4.1156625073909557e-7; 3.818370053389361e-7 -5.062672813463751e-6 … 3.168636786317652e-7 5.556702310211553e-6; … ; 1.5655682681347694e-7 2.2855961413413456e-7 … 1.2227441256495847e-7 -2.1292861444440136e-7; -3.6246213360718894e-7 5.5393014404455645e-6 … -2.845490137726102e-7 -5.812119396128918e-6]\n",
       " [1.8045111933705892e-10 6.005578756802406e-12 … 1.8907033300755446e-10 2.7636188837228157e-11; -8.104564865093689e-12 -5.534558772689088e-10 … -3.306078671347325e-11 4.764960673475761e-10; … ; 1.4993340699898247e-10 1.5935118976643943e-11 … 1.9672942715534968e-10 5.1447993605203056e-11; 5.1283415720891965e-11 4.44343183801536e-10 … 1.2564404723268679e-11 -9.12852287315246e-10;;; 0.4999879833906885 0.4999867695858402 … 0.4999859705364352 0.4999874745500096; 0.49999038448031935 0.4999904726493301 … 0.49998887497470423 0.49999058281903996; … ; 0.49999406118586615 0.4999950654705195 … 0.49999180808238686 0.4999923482548082; 0.4999898762028194 0.49999045548608456 … 0.499987437354346 0.49998929771946854;;; 0.13726036914510178 0.13742851941569567 … 0.13726314664996436 0.13701673408357057; 0.137427748705171 0.13695518015113525 … 0.13745518571272597 0.13752588143003835; … ; 0.13726493924960345 0.13743472835585346 … 0.1372598751388432 0.13699339505894237; 0.13700083050383485 0.13753210365814256 … 0.13700009223800144 0.13640840334292975;;; 1.276815237658561e-7 5.405089743946549e-7 … 1.81103580005984e-7 -4.5051219429222837e-7; 4.1878862368990303e-7 -5.55103015351624e-6 … 3.47040339701482e-7 6.0935100005576095e-6; … ; 1.7231604753934294e-7 2.505045540648669e-7 … 1.3473240896846377e-7 -2.3274686927607828e-7; -3.9692353181439934e-7 6.074296852583459e-6 … -3.110566366690203e-7 -6.3756770029163075e-6]"
      ]
     },
     "metadata": {},
     "output_type": "display_data"
    }
   ],
   "source": [
    "Random.seed!(1)\n",
    "sol5 = run(3)"
   ]
  },
  {
   "cell_type": "code",
   "execution_count": 190,
   "metadata": {},
   "outputs": [
    {
     "name": "stderr",
     "output_type": "stream",
     "text": [
      "┌ Info: Saved animation to /tmp/jl_cV0NMXQBeJ.gif\n",
      "└ @ Plots /home/dinosaur/.julia/packages/Plots/HyyIK/src/animation.jl:156\n"
     ]
    },
    {
     "data": {
      "text/html": [
